[1018 1079]
[1356 1415]
[1673 1731]
[2001 2059]
[2343 2412]
[2673 2743]
[3044 3101]
[3363 3428]
[3718 3816]
[4084 4172]
[4465 4559]
[4830 4918]
[5307 5376]
[5681 5753]
[6061 6130]
[6441 6513]
[6829 6912]
[7187 7279]
[7601 7692]
[8205 8301]
[8538 8637]
[8927 9018]
[9334 9393]
[9750 9808]
[10124 10185]
[10509 10562]
[11016 11068]
[11373 11427]
[11778 11833]
[12170 12217]
[12551 12642]
[12959 13048]
[13360 13451]
[13777 13866]
[14212 14282]
[14599 14676]
[14998 15073]
[15402 15473]
[15826 15900]
[16216 16291]
[16586 16660]
[16958 17038]
