[374 430]
[534 591]
[703 759]
[877 936]
[1056 1103]
[1209 1257]
[1366 1416]
[1514 1566]
[1655 1712]
[1802 1861]
[1961 2014]
[2121 2173]
[2268 2323]
[2427 2482]
[2589 2644]
[2755 2808]
[2908 2955]
[3060 3108]
[3215 3263]
[3368 3418]
[3509 3561]
[3657 3711]
[3810 3861]
[3965 4008]
[4102 4154]
[4238 4291]
[4385 4436]
[4526 4578]
[4667 4715]
[4804 4846]
[4948 4996]
[5091 5137]
[5226 5284]
[5370 5431]
[5509 5571]
[5663 5721]
[5811 5854]
[5940 5979]
[6087 6132]
[6228 6269]
