[1199 1242]
[1626 1666]
[2016 2055]
[2460 2498]
[2854 2895]
[3221 3262]
[3582 3624]
[3957 3998]
[4354 4415]
[4695 4754]
[5062 5118]
[5438 5496]
[5830 5872]
[6225 6271]
[6601 6649]
[6985 7031]
[7379 7439]
[7785 7853]
[8155 8214]
[8515 8581]
[8921 8955]
[9286 9318]
[9658 9692]
[10009 10041]
[10433 10483]
[10814 10865]
[11201 11247]
[11631 11677]
[12040 12108]
[12477 12541]
[12899 12967]
[13285 13352]
[13767 13823]
[14158 14212]
[14537 14592]
[14897 14953]
[15310 15368]
[15681 15737]
[16022 16078]
[16376 16428]
