[1125 1180]
[1297 1349]
[1457 1506]
[1589 1634]
[1790 1844]
[1929 1984]
[2080 2131]
[2220 2266]
[2486 2521]
[2620 2672]
[2769 2828]
[2908 2961]
[3191 3245]
[3331 3387]
[3470 3524]
[3616 3666]
[3864 3909]
[3993 4043]
[4127 4180]
[4256 4303]
[4450 4507]
[4585 4643]
[4726 4775]
[4850 4907]
[5085 5137]
[5209 5267]
[5333 5385]
[5451 5512]
[5738 5786]
[5858 5907]
[5978 6031]
[6097 6151]
[6422 6469]
[6549 6595]
[6677 6726]
[6802 6847]
[7053 7095]
[7159 7214]
[7275 7319]
[7391 7433]
