[ 90 160]
[251 306]
[409 470]
[590 652]
[785 860]
[936 999]
[1105 1175]
[1266 1321]
[1388 1488]
[1535 1630]
[1708 1791]
[1867 1948]
[2051 2197]
[2300 2373]
[2423 2501]
[2568 2634]
[2689 2760]
[2812 2903]
[2963 3060]
[3124 3221]
[3285 3382]
[3438 3499]
[3577 3635]
[3708 3769]
[3839 3897]
[3999 4060]
[4141 4189]
[4289 4338]
[4431 4472]
[4558 4659]
[4728 4823]
[4900 4990]
[5054 5142]
[5211 5296]
[5364 5440]
[5509 5584]
[5663 5731]
[5796 5882]
[5932 6007]
[6068 6152]
[6205 6276]
