[1286 1348]
[1420 1486]
[1562 1622]
[1700 1770]
[1850 1949]
[2007 2089]
[2159 2242]
[2327 2408]
[2503 2574]
[2625 2716]
[2791 2853]
[2935 3010]
[3092 3175]
[3242 3324]
[3401 3471]
[3564 3644]
[3743 3809]
[3886 3956]
[4028 4101]
[4160 4230]
[4297 4387]
[4449 4529]
[4589 4675]
[4737 4822]
[4874 4968]
[5021 5106]
[5166 5246]
[5311 5393]
[5455 5533]
[5600 5672]
[5750 5815]
[5884 5954]
[6021 6109]
[6156 6236]
[6289 6368]
[6406 6479]
[6541 6608]
[6676 6740]
[6813 6867]
[6933 6997]
