[1036 1099]
[1373 1420]
[1803 1854]
[2218 2268]
[2566 2598]
[2880 2919]
[3235 3273]
[3558 3597]
[3940 3982]
[4308 4341]
[4669 4712]
[5031 5069]
[5397 5438]
[5747 5786]
[6139 6181]
[6502 6543]
[6850 6898]
[7260 7305]
[7632 7679]
[8011 8062]
[8380 8450]
[8717 8787]
[9111 9166]
[9523 9588]
[9921 9982]
[10343 10402]
[10772 10832]
[11194 11255]
[11601 11648]
[12003 12064]
[12376 12429]
[12782 12831]
[13224 13289]
[13644 13717]
[14075 14141]
[14482 14562]
[14846 14894]
[15234 15288]
[15611 15651]
[16077 16114]
