[ 958 1215]
[1797 2014]
[2365 2578]
[2979 3212]
[3662 4074]
[4443 4857]
[5200 5696]
[5889 6324]
[6710 7095]
[7477 7718]
[8077 8373]
[8698 8958]
[9379 9623]
[10027 10278]
[10362 10624]
[10902 11117]
[11475 11685]
[12041 12267]
[12641 12872]
[13207 13383]
[13744 13951]
[14051 14295]
[14693 14884]
[15272 15576]
[15770 16000]
[16346 16585]
[16938 17193]
[17557 17790]
[18196 18385]
[18710 18901]
[19239 19438]
[19800 19988]
[20379 20544]
[20903 21099]
[21537 21723]
[22131 22325]
