[1076 1130]
[1662 1710]
[2157 2202]
[2607 2654]
[3097 3158]
[3482 3538]
[3932 4017]
[4360 4449]
[4815 4903]
[5215 5295]
[5653 5734]
[6094 6173]
[6585 6657]
[7037 7113]
[7527 7596]
[8039 8119]
[8575 8676]
[9121 9200]
[9612 9691]
[10097 10181]
[10546 10591]
[10994 11036]
[11486 11534]
[11973 12026]
[12470 12513]
[12920 12967]
[13369 13413]
[13878 13926]
[14265 14328]
[14695 14779]
[15145 15214]
[15545 15613]
[15992 16053]
[16377 16433]
[16799 16863]
[17141 17199]
[17589 17679]
[17987 18069]
[18363 18451]
[18820 18893]
