[1133 1183]
[1195 1236]
[1258 1300]
[1314 1355]
[1378 1430]
[1443 1493]
[1507 1557]
[1563 1613]
[1655 1694]
[1710 1749]
[1774 1813]
[1813 1865]
[1875 1929]
[1938 1989]
[2002 2052]
[2055 2100]
[2136 2190]
[2193 2242]
[2248 2295]
[2299 2352]
[2360 2430]
[2433 2485]
[2487 2536]
[2538 2580]
[2615 2667]
[2669 2728]
[2730 2777]
[2779 2826]
[2875 2926]
[2926 2975]
[2978 3022]
[3025 3068]
[3107 3157]
[3164 3212]
[3216 3260]
[3264 3308]
[3339 3383]
[3391 3435]
[3443 3488]
[3494 3540]
