[1152 1203]
[1229 1280]
[1311 1355]
[1389 1438]
[1466 1510]
[1558 1607]
[1632 1681]
[1706 1759]
[1777 1833]
[1841 1897]
[1931 2010]
[2010 2085]
[2098 2166]
[2174 2246]
[2258 2335]
[2364 2431]
[2438 2501]
[2506 2564]
[2617 2682]
[2691 2751]
[2761 2825]
[2832 2899]
[2931 2973]
[2992 3032]
[3055 3096]
[3112 3151]
[3208 3242]
[3260 3315]
[3323 3373]
[3387 3433]
[3472 3539]
[3547 3616]
[3623 3692]
[3697 3762]
[3801 3869]
[3874 3940]
[3947 4016]
[4026 4082]
[4135 4197]
[4206 4268]
[4278 4340]
[4349 4408]
