[1295 1347]
[1381 1435]
[1461 1518]
[1524 1580]
[1632 1688]
[1713 1764]
[1794 1854]
[1862 1902]
[1952 2026]
[2040 2127]
[2143 2219]
[2226 2296]
[2317 2399]
[2435 2498]
[2508 2586]
[2592 2659]
[2684 2781]
[2796 2877]
[2920 2999]
[3007 3083]
[3103 3183]
[3204 3264]
[3321 3396]
[3406 3464]
[3519 3571]
[3589 3657]
[3666 3734]
[3739 3799]
[3827 3926]
[3933 4021]
[4028 4113]
[4121 4195]
[4274 4352]
[4382 4447]
[4447 4532]
[4541 4642]
[4647 4737]
[4745 4800]
[4878 4949]
[4967 5036]
[5051 5118]
[5123 5189]
