[1175 1231]
[1256 1313]
[1348 1402]
[1431 1475]
[1525 1584]
[1625 1682]
[1723 1784]
[1816 1871]
[1905 1961]
[2006 2055]
[2102 2154]
[2184 2236]
[2274 2329]
[2363 2419]
[2456 2511]
[2551 2603]
[2651 2704]
[2745 2799]
[2843 2897]
[2935 2987]
[3019 3088]
[3116 3180]
[3214 3271]
[3307 3364]
[3400 3460]
[3493 3551]
[3585 3646]
[3684 3736]
[3777 3831]
[3871 3919]
[3964 4015]
[4056 4106]
[4152 4203]
[4240 4292]
[4325 4384]
[4418 4472]
[4510 4558]
[4603 4648]
[4697 4737]
[4788 4829]
