[1140 1216]
[1502 1557]
[1867 1923]
[2224 2291]
[2614 2693]
[2982 3045]
[3364 3434]
[3757 3830]
[4146 4215]
[4543 4607]
[4933 4994]
[5299 5362]
[5693 5756]
[6078 6144]
[6480 6543]
[6881 6944]
[7260 7317]
[7674 7734]
[8079 8138]
[8516 8575]
[8941 8997]
[9316 9375]
[9683 9748]
[10069 10129]
[10445 10508]
[10842 10903]
[11243 11310]
[11626 11691]
[11990 12045]
[12355 12414]
[12730 12788]
[13106 13166]
[13503 13571]
[13909 13977]
[14328 14402]
[14748 14822]
[15143 15194]
[15512 15557]
[15892 15938]
[16276 16321]
