[1115 1174]
[1256 1319]
[1373 1432]
[1489 1542]
[1851 1906]
[1962 2019]
[2080 2145]
[2192 2247]
[2505 2555]
[2620 2657]
[2736 2779]
[2846 2890]
[3146 3191]
[3256 3301]
[3378 3421]
[3483 3512]
[3681 3731]
[3827 3884]
[3965 4016]
[4072 4115]
[4379 4436]
[4501 4554]
[4623 4672]
[4722 4779]
[5049 5118]
[5155 5218]
[5285 5346]
[5388 5455]
[5728 5787]
[5827 5884]
[5935 5998]
[6032 6083]
[6282 6341]
[6378 6438]
[6495 6554]
[6593 6646]
[6834 6891]
[6966 7025]
[7101 7161]
[7249 7300]
[7608 7663]
[7726 7781]
[7850 7909]
[7951 8002]
