[1180 1250]
[1568 1632]
[1996 2078]
[2387 2447]
[2777 2840]
[3142 3213]
[3553 3627]
[3939 4008]
[4368 4452]
[4797 4883]
[5195 5285]
[5601 5683]
[6022 6091]
[6421 6492]
[6773 6844]
[7160 7222]
[7534 7614]
[7924 8007]
[8305 8367]
[8692 8771]
[9087 9152]
[9464 9534]
[9831 9898]
[10204 10280]
[10664 10721]
[11004 11056]
[11369 11434]
[11727 11811]
[12094 12186]
[12492 12596]
[12877 12981]
[13264 13360]
[13679 13768]
[14077 14156]
[14537 14615]
[15034 15118]
[15452 15536]
[15820 15905]
[16221 16304]
[16607 16685]
