[1106 1312]
[1435 1644]
[1764 1973]
[2103 2309]
[2521 2833]
[2966 3038]
[3217 3535]
[3652 4015]
[4142 4481]
[4721 5077]
[5378 5618]
[5707 6016]
[6170 6464]
[6649 6927]
[7163 7427]
[7667 7900]
[7989 8225]
[8321 8554]
[8633 8859]
[9140 9301]
[9390 9551]
[9671 9836]
[ 9935 10106]
[10387 10675]
[10839 11086]
[11165 11415]
[11511 11751]
[11874 12124]
[12388 12593]
[12669 12895]
[12950 13155]
[13220 13433]
[13508 13707]
[13947 14139]
[14238 14409]
[14529 14711]
[14810 15009]
