[1115 1170]
[1641 1700]
[2025 2086]
[2426 2475]
[2831 2872]
[3196 3238]
[3575 3614]
[3923 3960]
[4297 4331]
[4682 4722]
[5078 5117]
[5474 5512]
[5868 5915]
[6259 6312]
[6647 6696]
[7035 7083]
[7395 7450]
[7778 7840]
[8172 8233]
[8571 8629]
[9009 9071]
[9409 9473]
[9800 9869]
[10178 10246]
[10575 10634]
[10957 11011]
[11325 11384]
[11702 11755]
[12096 12154]
[12483 12541]
[12883 12940]
[13271 13330]
[13676 13730]
[14041 14094]
[14439 14498]
[14845 14896]
[15198 15248]
[15757 15812]
[16216 16272]
[16624 16680]
