[ 942 1003]
[1033 1078]
[1118 1165]
[1202 1242]
[1294 1327]
[1387 1419]
[1473 1505]
[1545 1583]
[1634 1668]
[1727 1762]
[1828 1864]
[1915 1951]
[2013 2058]
[2104 2148]
[2204 2245]
[2271 2316]
[2403 2450]
[2494 2538]
[2585 2635]
[2664 2711]
[2775 2821]
[2871 2922]
[2970 3017]
[3064 3111]
[3164 3227]
[3270 3338]
[3372 3430]
[3466 3522]
[3564 3623]
[3654 3714]
[3749 3805]
[3842 3900]
[3956 4004]
[4046 4100]
[4139 4194]
[4229 4275]
[4312 4362]
[4405 4450]
[4496 4543]
[4587 4623]
