[1008 1073]
[1128 1182]
[1239 1297]
[1359 1414]
[1491 1542]
[1604 1659]
[1710 1758]
[1815 1866]
[1917 1991]
[2040 2112]
[2163 2239]
[2284 2353]
[2413 2473]
[2528 2585]
[2618 2665]
[2726 2773]
[2829 2884]
[2935 2989]
[3048 3116]
[3164 3237]
[3285 3350]
[3396 3474]
[3530 3583]
[3652 3702]
[3780 3825]
[3902 3955]
[4020 4065]
[4138 4183]
[4247 4296]
[4371 4415]
[4473 4554]
[4608 4686]
[4738 4816]
[4862 4937]
[5000 5065]
[5126 5195]
[5257 5327]
[5383 5459]
[5524 5598]
[5646 5713]
[5763 5829]
[5877 5944]
