[ 969 1034]
[1074 1139]
[1177 1229]
[1272 1327]
[1385 1441]
[1491 1543]
[1585 1639]
[1685 1742]
[1791 1844]
[1901 1954]
[2005 2055]
[2109 2157]
[2201 2257]
[2304 2365]
[2412 2467]
[2508 2566]
[2623 2674]
[2716 2766]
[2817 2870]
[2909 2967]
[3009 3063]
[3100 3157]
[3189 3248]
[3285 3339]
[3387 3443]
[3477 3534]
[3578 3635]
[3679 3740]
[3789 3842]
[3889 3947]
[3983 4037]
[4069 4124]
[4177 4236]
[4275 4328]
[4366 4422]
[4457 4508]
[4558 4604]
[4651 4696]
[4751 4796]
[4836 4877]
