[1171 1219]
[1236 1290]
[1300 1358]
[1370 1415]
[1454 1510]
[1514 1572]
[1581 1634]
[1645 1714]
[1727 1799]
[1803 1865]
[1870 1923]
[1928 1993]
[2076 2119]
[2161 2216]
[2216 2280]
[2289 2349]
[2349 2400]
[2405 2454]
[2458 2507]
[2570 2642]
[2642 2704]
[2704 2771]
[2775 2824]
[2948 2991]
[3005 3049]
[3054 3097]
[3097 3146]
[3197 3248]
[3254 3310]
[3324 3376]
[3393 3445]
[3507 3580]
[3586 3653]
[3653 3722]
[3722 3783]
[3816 3883]
[3883 3930]
[3930 3984]
[3984 4038]
[4098 4149]
[4151 4215]
[4215 4268]
[4268 4318]
