[1468 1516]
[1519 1571]
[1574 1628]
[1631 1683]
[1746 1788]
[1794 1845]
[1852 1902]
[1906 1961]
[2020 2076]
[2079 2140]
[2140 2201]
[2204 2263]
[2305 2364]
[2364 2411]
[2414 2465]
[2486 2533]
[2545 2591]
[2596 2637]
[2637 2691]
[2749 2806]
[2808 2860]
[2860 2915]
[2915 2973]
[3037 3082]
[3082 3130]
[3130 3179]
[3179 3232]
[3285 3335]
[3337 3391]
[3400 3455]
[3458 3512]
[3552 3631]
[3631 3698]
[3700 3768]
[3771 3826]
[3870 3936]
[3940 4004]
[4006 4067]
[4070 4132]
[4186 4241]
[4251 4307]
[4316 4373]
[4380 4433]
