[1218 1263]
[1263 1306]
[1308 1353]
[1354 1396]
[1401 1447]
[1449 1488]
[1489 1537]
[1537 1582]
[1591 1638]
[1638 1684]
[1685 1732]
[1735 1785]
[1826 1869]
[1870 1911]
[1917 1962]
[1963 2014]
[2031 2087]
[2087 2124]
[2166 2210]
[2210 2248]
[2294 2341]
[2341 2388]
[2388 2432]
[2432 2480]
[2480 2534]
[2534 2580]
[2580 2624]
[2624 2671]
[2729 2774]
[2774 2820]
[2820 2854]
[2854 2897]
[2897 2945]
[2946 2999]
[3037 3080]
[3080 3127]
[3179 3225]
[3225 3274]
[3275 3316]
[3321 3358]
