[1135 1189]
[1561 1619]
[1963 2014]
[2356 2409]
[2744 2808]
[3109 3172]
[3453 3522]
[3865 3934]
[4283 4345]
[4691 4757]
[5085 5146]
[5442 5505]
[5890 5955]
[6310 6378]
[6761 6829]
[7170 7241]
[7572 7632]
[7971 8033]
[8358 8423]
[8750 8812]
[9141 9205]
[9534 9599]
[9906 9973]
[10273 10336]
[10672 10734]
[11052 11118]
[11439 11497]
[11782 11847]
[12150 12209]
[12531 12588]
[12908 12967]
[13285 13340]
[13668 13730]
[14041 14100]
[14385 14450]
[14745 14807]
[15100 15152]
[15458 15508]
[15810 15859]
[16174 16225]
