[1256 1309]
[1372 1421]
[1492 1537]
[1622 1673]
[1766 1830]
[1894 1953]
[2020 2066]
[2163 2212]
[2333 2374]
[2468 2503]
[2616 2653]
[2763 2796]
[2910 2967]
[3050 3097]
[3187 3245]
[3323 3373]
[3468 3519]
[3609 3662]
[3753 3803]
[3892 3949]
[4050 4102]
[4179 4227]
[4308 4362]
[4434 4486]
[4572 4633]
[4698 4760]
[4833 4903]
[4983 5048]
[5143 5200]
[5273 5330]
[5426 5485]
[5564 5625]
[5714 5783]
[5831 5888]
[5962 6022]
[6104 6160]
[6250 6301]
[6387 6434]
[6526 6578]
[6666 6714]
