[1151 1213]
[1536 1603]
[1896 1965]
[2273 2336]
[2674 2744]
[3040 3104]
[3460 3531]
[3880 3951]
[4315 4367]
[4675 4723]
[5014 5076]
[5370 5434]
[5709 5771]
[6005 6071]
[6353 6420]
[6656 6725]
[7062 7125]
[7394 7463]
[7735 7802]
[8108 8173]
[8421 8487]
[8728 8795]
[9065 9115]
[9452 9524]
[9820 9893]
[10142 10216]
[10483 10555]
[10848 10917]
[11261 11335]
[11613 11679]
[11973 12044]
[12309 12376]
[12634 12706]
[12988 13061]
[13288 13362]
[13598 13672]
[13925 14000]
[14229 14289]
[14530 14630]
[14928 15002]
