[180 234]
[325 381]
[480 528]
[641 689]
[809 858]
[ 967 1000]
[1136 1185]
[1300 1357]
[1469 1545]
[1623 1701]
[1789 1862]
[1957 2036]
[2151 2206]
[2299 2354]
[2452 2515]
[2614 2666]
[2764 2845]
[2921 3002]
[3101 3186]
[3276 3352]
[3453 3503]
[3606 3659]
[3757 3814]
[3913 3969]
[4092 4132]
[4236 4277]
[4396 4430]
[4535 4575]
[4694 4769]
[4860 4948]
[5044 5121]
[5230 5306]
[5422 5487]
[5583 5646]
[5749 5817]
[5918 5983]
[6087 6145]
[6239 6300]
[6405 6467]
[6571 6629]
