[708 768]
[901 953]
[1089 1143]
[1283 1338]
[1459 1514]
[1625 1675]
[1796 1854]
[1954 2009]
[2103 2187]
[2278 2353]
[2454 2527]
[2627 2704]
[2790 2850]
[2952 3009]
[3110 3170]
[3273 3323]
[3427 3510]
[3602 3667]
[3763 3833]
[3926 4000]
[4084 4128]
[4240 4292]
[4400 4440]
[4557 4601]
[4709 4772]
[4868 4919]
[5028 5084]
[5185 5241]
[5327 5410]
[5508 5596]
[5685 5772]
[5862 5950]
[6051 6121]
[6230 6298]
[6398 6476]
[6571 6643]
[6740 6818]
[6912 6976]
[7086 7146]
[7242 7309]
