[1227 1275]
[1364 1423]
[1529 1579]
[1692 1734]
[1952 2002]
[2098 2163]
[2250 2315]
[2383 2452]
[2585 2673]
[2731 2808]
[2877 2951]
[3036 3103]
[3286 3345]
[3445 3507]
[3578 3652]
[3728 3796]
[3973 4053]
[4099 4181]
[4232 4303]
[4364 4434]
[4628 4684]
[4763 4809]
[4909 4944]
[5022 5066]
[5253 5307]
[5381 5434]
[5521 5568]
[5662 5701]
[5952 6022]
[6093 6169]
[6246 6316]
[6409 6483]
[6660 6733]
[6814 6875]
[6964 7025]
[7108 7169]
[7379 7433]
[7511 7567]
[7650 7711]
[7795 7850]
