[1130 1263]
[1342 1437]
[1562 1637]
[1751 1838]
[2008 2087]
[2231 2322]
[2447 2534]
[2647 2730]
[2802 2900]
[2984 3093]
[3154 3248]
[3347 3419]
[3528 3604]
[3695 3778]
[3850 3952]
[4024 4099]
[4198 4258]
[4357 4428]
[4527 4583]
[4682 4750]
[4826 4905]
[4973 5052]
[5124 5211]
[5272 5347]
[5434 5521]
[5582 5676]
[5726 5839]
[5884 5994]
[6021 6119]
[6180 6259]
[6327 6410]
[6486 6569]
[6614 6739]
[6807 6917]
[6974 7117]
[7167 7276]
[7344 7431]
[7530 7602]
[7707 7768]
[7863 7923]
