[1203 1249]
[1603 1645]
[2005 2044]
[2347 2385]
[2703 2753]
[3055 3111]
[3469 3532]
[3914 3966]
[4374 4415]
[4744 4788]
[5149 5198]
[5576 5617]
[5940 5996]
[6367 6425]
[6792 6842]
[7268 7324]
[7736 7799]
[8209 8262]
[8704 8753]
[9007 9049]
[9393 9444]
[9860 9919]
[10292 10342]
[10750 10802]
[11145 11195]
[11543 11592]
[11957 12025]
[12397 12459]
[12833 12880]
[13291 13343]
[13733 13779]
[14178 14223]
[14584 14630]
[14984 15058]
[15472 15527]
[15888 15960]
[16353 16420]
[16791 16837]
[17292 17356]
[17802 17858]
[18266 18315]
