[908 960]
[ 973 1020]
[1036 1088]
[1091 1140]
[1158 1219]
[1224 1285]
[1289 1340]
[1346 1397]
[1415 1459]
[1469 1509]
[1524 1565]
[1571 1611]
[1649 1712]
[1718 1776]
[1784 1843]
[1854 1907]
[1947 1999]
[2014 2066]
[2070 2125]
[2130 2191]
[2210 2289]
[2293 2356]
[2360 2417]
[2421 2474]
[2504 2569]
[2574 2632]
[2639 2697]
[2702 2755]
[2797 2857]
[2869 2923]
[2928 2984]
[2984 3025]
[3064 3126]
[3144 3203]
[3209 3265]
[3269 3316]
[3347 3399]
[3413 3467]
[3482 3535]
[3544 3594]
