[1224 1279]
[1319 1373]
[1417 1469]
[1507 1577]
[1604 1653]
[1687 1734]
[1772 1820]
[1854 1901]
[1932 2007]
[2024 2105]
[2121 2200]
[2215 2282]
[2324 2392]
[2406 2486]
[2497 2576]
[2590 2647]
[2662 2742]
[2773 2845]
[2876 2942]
[2972 3045]
[3073 3126]
[3168 3220]
[3265 3311]
[3355 3406]
[3449 3493]
[3536 3587]
[3639 3683]
[3732 3777]
[3811 3880]
[3911 3982]
[4014 4087]
[4116 4181]
[4209 4278]
[4294 4369]
[4387 4460]
[4483 4542]
[4575 4648]
[4669 4743]
[4754 4836]
[4845 4909]
