[1097 1160]
[1266 1329]
[1435 1498]
[1590 1655]
[1810 1877]
[1975 2045]
[2151 2220]
[2322 2383]
[2556 2630]
[2728 2799]
[2917 2983]
[3074 3140]
[3337 3413]
[3507 3588]
[3717 3794]
[3912 3972]
[4127 4182]
[4328 4388]
[4526 4587]
[4706 4767]
[4946 5007]
[5156 5222]
[5362 5427]
[5552 5611]
[5744 5807]
[5915 5986]
[6092 6160]
[6266 6329]
[6455 6522]
[6635 6700]
[6828 6896]
[6996 7057]
[7191 7279]
[7379 7458]
[7562 7646]
[7732 7811]
[7956 8007]
[8160 8209]
[8366 8427]
[8535 8586]
