[1036 1091]
[1215 1274]
[1432 1491]
[1631 1684]
[1862 1929]
[2026 2088]
[2207 2261]
[2377 2438]
[2583 2666]
[2780 2860]
[2994 3076]
[3294 3353]
[3550 3623]
[3735 3814]
[4074 4131]
[4260 4316]
[4442 4506]
[4604 4663]
[4796 4865]
[4985 5060]
[5180 5252]
[5381 5447]
[5620 5679]
[5774 5840]
[5949 6011]
[6109 6162]
[6326 6384]
[6475 6530]
[6636 6691]
[6801 6853]
[7047 7130]
[7228 7324]
[7428 7520]
[7624 7725]
[7870 7951]
[8067 8155]
[8270 8351]
[8483 8564]
[8722 8814]
[8922 9001]
[9107 9188]
[9282 9351]
