[1122 1188]
[1256 1318]
[1396 1456]
[1525 1578]
[1672 1761]
[1821 1888]
[1969 2034]
[2098 2179]
[2286 2328]
[2405 2460]
[2537 2587]
[2677 2738]
[2814 2882]
[2958 3017]
[3090 3151]
[3230 3291]
[3382 3452]
[3532 3581]
[3673 3732]
[3819 3875]
[3971 4036]
[4120 4192]
[4254 4317]
[4389 4462]
[4558 4625]
[4689 4759]
[4828 4895]
[4971 5038]
[5108 5180]
[5251 5313]
[5399 5462]
[5541 5597]
[5683 5750]
[5813 5885]
[5958 6023]
[6113 6164]
[6242 6295]
[6386 6447]
[6540 6596]
[6694 6744]
