[1088 1137]
[1234 1291]
[1392 1446]
[1548 1598]
[1720 1785]
[1852 1943]
[2013 2105]
[2159 2236]
[2304 2425]
[2489 2606]
[2676 2777]
[2838 2929]
[3012 3095]
[3172 3256]
[3328 3411]
[3486 3556]
[3661 3765]
[3813 3919]
[3971 4076]
[4142 4228]
[4349 4410]
[4500 4561]
[4659 4710]
[4821 4873]
[4995 5064]
[5153 5229]
[5315 5378]
[5491 5545]
[5617 5743]
[5813 5929]
[6019 6140]
[6220 6312]
[6407 6501]
[6585 6662]
[6743 6829]
[6917 6986]
[7094 7187]
[7241 7327]
[7415 7503]
[7564 7656]
