[1131 1177]
[1465 1511]
[1809 1859]
[2150 2202]
[2498 2557]
[2826 2895]
[3152 3218]
[3492 3559]
[3818 3864]
[4129 4185]
[4447 4500]
[4774 4821]
[5102 5155]
[5427 5477]
[5767 5823]
[6097 6147]
[6431 6480]
[6732 6780]
[7073 7131]
[7419 7472]
[7730 7787]
[8053 8110]
[8369 8427]
[8692 8755]
[9029 9085]
[9339 9395]
[9656 9710]
[ 9977 10029]
[10278 10329]
[10598 10644]
[10944 10994]
[11263 11315]
[11584 11640]
[11898 11947]
[12215 12256]
[12510 12552]
[12776 12819]
[13078 13120]
[13391 13434]
[13726 13768]
