[1114 1171]
[1502 1558]
[1879 1935]
[2297 2358]
[2737 2797]
[3133 3185]
[3488 3550]
[3861 3918]
[4205 4271]
[4579 4646]
[4939 5010]
[5303 5370]
[5642 5705]
[6004 6069]
[6366 6430]
[6723 6787]
[7114 7169]
[7448 7513]
[7788 7849]
[8152 8206]
[8498 8563]
[8890 8955]
[9255 9320]
[9648 9715]
[10041 10110]
[10403 10473]
[10835 10901]
[11258 11322]
[11663 11729]
[12018 12087]
[12397 12463]
[12755 12820]
[13107 13186]
[13469 13542]
[13824 13898]
[14216 14288]
[14594 14644]
[14928 14979]
[15257 15315]
[15580 15633]
