[1200 1252]
[1626 1679]
[1844 1902]
[2176 2229]
[2478 2554]
[2806 2882]
[3197 3273]
[3574 3643]
[3938 4008]
[4260 4330]
[4686 4757]
[5104 5166]
[5454 5520]
[5838 5915]
[6234 6304]
[6607 6677]
[6985 7053]
[7376 7441]
[7722 7791]
[8035 8094]
[8335 8408]
[8665 8736]
[9103 9169]
[9471 9539]
[9826 9891]
[10164 10226]
[10495 10563]
[10907 10972]
[11252 11321]
[11687 11748]
[12071 12137]
[12413 12475]
[12768 12841]
[13191 13256]
[13509 13570]
[13746 13809]
[14164 14215]
[14520 14573]
[14906 14956]
[15244 15292]
