[1031 1094]
[1417 1472]
[1783 1836]
[2162 2218]
[2554 2615]
[2936 3001]
[3285 3343]
[3617 3676]
[3934 4011]
[4315 4393]
[4695 4773]
[5056 5137]
[5445 5496]
[5703 5755]
[6161 6215]
[6526 6583]
[6992 7047]
[7478 7553]
[7876 7957]
[8242 8325]
[8627 8710]
[9029 9079]
[9386 9437]
[9761 9814]
[10121 10177]
[10482 10537]
[10842 10891]
[11210 11264]
[11583 11643]
[11966 12052]
[12354 12432]
[12703 12786]
[13099 13184]
[13484 13557]
[13856 13935]
[14223 14300]
[14594 14667]
[15018 15092]
[15410 15486]
[15804 15881]
[16158 16236]
